0.429621746404571
-0.00621840643440909
-0.0121919799247233
-0.00553225082054233
0.00155165607531694
0.00178355581046271
-0.000936637130965425
0.000143661123080378
-0.00992537307399032
-0.000309265962536738
6.24033292068536e-05
7.25432891123382e-05
-6.18028593628046e-06
-3.13933892296557e-05
1.49433234198179e-05
-2.12078664625512e-06
0.00587029266256673
-0.00557627429694022
-0.000314453738460847
0.00129103253412665
0.00106937266084801
-0.00065477267082713
-5.6840351647088e-05
4.53225264956574e-05
-0.000829735255242089
0.000350503669292528
8.85252837300064e-05
-2.51051902466978e-05
-5.08310738278426e-05
-1.38638496563013e-05
1.94235226136505e-05
-3.34311589624686e-06
-0.00318607256637421
0.00224517810461796
0.00162192696600792
9.42631758920143e-05
-0.000650526836965842
-0.00113581446252901
0.000937716018355551
-0.000174962411060146
0.000250640895902248
-8.77001166481497e-05
-0.00013051597296962
-5.77167463999047e-05
3.90459085817321e-05
6.99455463969469e-05
-4.3687025995897e-05
6.56527192944775e-06
0.000635268575895542
-0.000210890049372748
-0.000397931791358976
-0.000649284623473713
0.000644723462743773
0.00020694999714866
-0.000263538749511601
5.15136242133292e-05
-4.39004334883017e-05
-2.89073404362148e-06
3.4116956315316e-05
2.45920523891006e-05
-6.66548662787113e-06
-2.55863526399738e-05
1.42197906309871e-05
-2.06070479045616e-06
