0.349533834613383
-0.00715271076258178
-0.0117505789968849
-0.00532203912738182
0.00139784316979115
0.00175147493455479
-0.000902283619839603
0.000138130226407617
-0.0145558900930743
-0.000866463285273171
-3.69543982410856e-05
0.000118457189109514
5.50513135078692e-05
-1.06927385307562e-05
-1.14267274013343e-05
2.33840103868454e-06
0.0174912832181347
-0.00350622141035315
-0.000237096494748926
0.000893313170928198
0.000809474024647591
-0.000606077951953022
3.99188732706584e-05
1.9015604277408e-05
0.00653215447614542
0.00175989738030398
0.000538721582777244
-3.59370255962176e-05
-0.000260474513696859
-0.000172195501091266
0.00015051458944833
-2.42499229544104e-05
-0.00332644176999812
0.000927164234702335
0.00109275633164735
0.000169351806040692
-0.000281293167146557
-0.000916575340680129
0.000673813987197089
-0.000121568410086195
-0.000797058508956253
-0.00107540031895984
-0.00056140755360279
-0.000107481654254338
0.000219850506178268
0.000237312816489341
-0.000170748879720175
2.65235877055007e-05
0.000365888201733776
4.49591265528617e-05
-0.000219645748076763
-0.000615705545893123
0.0005458102157993
9.80626703677261e-05
-0.000166060369953099
3.31239449961897e-05
-3.66294093283159e-05
0.000204774141316327
0.000145197205515803
4.48150551629685e-05
-5.06108334873204e-05
-7.05697390707347e-05
4.70678487644108e-05
-7.18348840567876e-06
