0.142502589880534
0.00485851565543559
-0.0205713361381175
0.00581517762868164
0.0043933242657814
-0.00489953731874332
0.00166462414181935
-0.000189075906356868
7.81626580950365e-13
2.81921014311237e-12
-1.29995181286091e-11
9.89167298418026e-12
-2.58150781567296e-12
9.38975798698595e-14
7.71554640923572e-13
-3.04910773279293e-13
0.00124717356709391
0.000300973699006491
-0.00610089519488218
0.00517994555187197
0.000782680920839807
-0.00237032329276815
0.000918499075242561
-0.00011168850678204
-1.07627844353822e-12
-4.35793935660289e-12
-4.8521967693782e-12
2.89427895712457e-11
-1.0689293634264e-11
-1.83775813577397e-12
-3.60992529271909e-12
1.82663465516514e-12
-0.00102161831789785
0.00198214059448109
-0.00356911734732818
0.00470629769357173
-0.00179157909274482
-0.000918594096700327
0.000756859405853246
-0.000131299669144365
1.01135744744185e-12
-1.12382087143204e-12
-3.95311843155721e-12
3.35911706436653e-11
-5.07988477671528e-11
1.18965913509239e-11
1.15534604452905e-11
-4.15749943152854e-12
0.000223415530494354
0.000283890032816136
-0.00256485171856884
0.00494092410438339
-0.00487597678634406
0.00265224513841279
-0.000741768398129742
8.2624620277263e-05
-1.54717330527049e-13
-3.54200684353403e-13
-8.77839982779335e-12
5.0855167841625e-11
-9.77315407421631e-11
8.68391391781187e-11
-3.60838659299589e-11
5.62394998192967e-12
