0.20224916713251
0.00200178461585957
-0.00111581581796456
-0.000452812696227191
0.000430382367817536
5.84327303573022e-05
-9.42996635761559e-05
1.69579560398529e-05
-0.0385606235964584
-0.00133271002776037
0.000215556041318065
0.000293987838157414
-6.98982503153311e-06
-0.000119386566622067
5.25001186743807e-05
-7.25073400113852e-06
-0.00506261540858721
-0.00326320213838338
1.48368160404755e-06
0.000705101800239572
0.000372626663315044
-0.000193949111091672
-7.32952145360256e-05
2.78425708116294e-05
-0.000290108170120879
0.00170236711729313
0.000444468289679476
-0.000101724356977378
-0.000244392196805382
-9.14203175105387e-05
0.000106052426360232
-1.78453947213806e-05
-0.000708347156727887
0.00155205390741527
0.000909934114748824
1.75043415688958e-05
-0.00055477981073619
-0.000409419080166496
0.000432302288325589
-8.48603964431847e-05
0.00174127919114678
-0.00056565929809544
-0.000613592470964006
-0.000238227516481072
0.000196222491602847
0.000311878809045894
-0.000200337130248156
3.0323636399758e-05
0.00042644708786996
-0.000218335037163076
-0.000294498668843903
-0.000124075405897789
0.000134501083236306
0.000224288331501959
-0.000173730903960002
3.13455738056996e-05
-0.000291270705108815
3.22750031098701e-05
0.000162610020824754
0.000101387136896283
-3.76909774624738e-05
-0.00011019266450703
6.33372366946518e-05
-9.27961279622766e-06
