0.27908557796776
0.0230844019469752
0.00342652327761653
-0.00170380427280865
-0.000601435496572799
-0.00117972567246377
0.00121933748271162
-0.00025984210891195
0.0146598316999774
0.000451048211322222
-8.31571086471515e-05
-0.000100442262956203
7.45654439562957e-06
4.00510448778254e-05
-1.85852558881868e-05
2.62683343609268e-06
0.00536393554827537
-0.00239011672854562
-0.000405956133844891
5.20832015697033e-05
0.0010244943641584
-0.000447774387220402
-1.00662489423385e-05
1.90724207585079e-05
0.00167661777413551
-0.000543293486233762
-0.000148148839839488
3.35751871510769e-05
8.20353899595588e-05
2.67246254833974e-05
-3.33936019469138e-05
5.67850965283064e-06
-0.000375943054374753
0.00109429924427432
0.000980524266763233
-0.000390427601187971
0.000375225021153027
-0.000942808079852742
0.000527072472243886
-8.57479764589165e-05
0.000412643253585839
0.000175825214476916
0.00019612312255816
7.96398348049416e-05
-6.09775973862362e-05
-0.000103480681171012
6.55845510178776e-05
-9.88877214881147e-06
-0.000192403843742879
-0.000193666660469095
0.000217964414014441
-0.00124300197991462
0.00131700979884237
-0.00049358102277916
5.49017287795363e-05
2.49287586489991e-06
-0.00028686590868512
-1.08692939861238e-05
-4.91023716371229e-05
-3.37179505899729e-05
1.00690143062035e-05
3.71598050141926e-05
-2.08307808823738e-05
3.02389195160242e-06
