0.166216690877317
0.0220609253419702
0.00404344372132832
-0.00147409332274696
-0.000850139372117486
-0.00120280007505707
0.00127114137175238
-0.000269588286880227
-8.3778150432659e-13
-6.61198613222114e-12
1.09180260318698e-11
-1.76211714490726e-12
4.91846862717138e-12
-4.76598829032924e-12
-1.81958614842159e-13
4.89744204391906e-13
0.00124308937810725
-0.00103094994141765
-0.000437215209457749
-0.000267046061339348
0.000875566675507307
-0.000327943530979121
-4.32881564188525e-06
1.16492740049471e-05
1.72290697333932e-12
1.06357232049215e-11
7.14349369587697e-12
-2.6793889155996e-11
-3.3528856774323e-12
-6.22210226050579e-12
1.73706231690329e-11
-5.20563854609218e-12
-0.000976639968142647
0.000604791433393515
0.000578902787212613
-0.000439879030442118
0.000597166149483281
-0.000750327169153183
0.000340681734201292
-4.99711156540547e-05
-1.53754537313838e-12
-2.60346323492644e-12
-2.5074178844342e-12
-2.66130910711593e-11
4.99151674854259e-11
4.42789381549513e-12
-2.64712921721477e-11
7.40740194876688e-12
0.000221086504888242
-0.000154160420551524
0.000339954765378119
-0.00116907901111789
0.00126999948166554
-0.000605072163360225
0.000134023450656598
-1.13560101506502e-05
3.00526584954414e-13
8.60063569130688e-13
8.02121791296934e-12
-3.8248909139775e-11
7.35949886102039e-11
-7.26185396537904e-11
3.34916235369964e-11
-5.63643988253648e-12
