0.153889097605667
0.0219452565033275
0.00411155353316456
-0.00144784829009305
-0.000877148880212993
-0.0012060032759128
0.00127705664597752
-0.000270681037371463
-8.36113296653895e-13
-6.60561319185127e-12
1.0888347515281e-11
-1.73710199870281e-12
4.91765937866984e-12
-4.77730334268569e-12
-1.74763171599188e-13
4.88407911661791e-13
0.00112932262496202
-0.000867559515096452
-0.0004410510371219
-0.000304662344519369
0.000858074269198569
-0.000314778213774562
-3.01349846942552e-06
1.06612092236007e-05
1.72073206378132e-12
1.0626078142395e-11
7.12748957076847e-12
-2.67332883260862e-11
-3.36824318436513e-12
-6.23217926917774e-12
1.73702879337212e-11
-5.20446706564481e-12
-0.000894705171135946
0.000542790126385849
0.000531077205936956
-0.0004447991795516
0.000624143284984281
-0.000727955716329042
0.000318566882563506
-4.5704148489393e-05
-1.53553472020951e-12
-2.60410562471364e-12
-2.51877772111664e-12
-2.65416976591437e-11
4.98223441669499e-11
4.44266498589307e-12
-2.64521633763781e-11
7.40195318232884e-12
0.000203356539573537
-0.000148798998621824
0.000355155583220724
-0.00116075505225353
0.00126388052461416
-0.000617851867237434
0.0001433140923678
-1.29949946095175e-05
3.00179694469327e-13
8.60139278629579e-13
8.00070795205221e-12
-3.81473615716776e-11
7.34067719804221e-11
-7.24562857629119e-11
3.34277033137154e-11
-5.6272451975925e-12
